 reset
 xmax=   1.0000000000000000     
 xmin=   0.0000000000000000     
 ymax=   1.0000000000000000     
 ymin=   0.0000000000000000     
 dx=  0.10000000000000001     
 dy=  0.10000000000000001     
