 reset
 xmax=   1.0000000000000000     
 xmin=   0.0000000000000000     
 ymax=   1.0000000000000000     
 ymin=   0.0000000000000000     
 dx=  0.10000000000000001     
 dy=  0.10000000000000001     
   p [xmin-dx:xmax+dx][ymin-dy:ymax+dy+dy] "part.10001" t "Generator#          29 " w p pt 5 ps 1 lc 3,"mesh.10001" t "Mesh" w l lt 1 lc 3 ,"isoB.10001" t "Barycentre#          29 " w p pt 2 ps 1 lc 1
